T 8 >>
State # 2. Score = 104242.500 -  207.300 - 30043.861 [ -1654.00,  1869.00,  1985.00, -1448.00, -1292.00, -1799.00,  -795.00,  1411.00,   -90.00,   734.00, -1798.00, -1972.00,  -838.00,  -277.00,   895.00,  1235.00,   123.00]
State #16. Score = 103159.750 -  207.080 - 29787.625 [ -1654.00,  1869.00,  1921.00, -1448.00, -1292.00, -1799.00,  -539.00,  1411.00,   -92.00,   734.00, -1798.00, -1972.00,  -838.00,  -273.00,   891.00,  1235.00,   123.00]
State # 9. Score =  94215.250 -  206.700 - 27692.688 [ -1622.00,  1805.00,  1925.00, -1192.00, -1292.00, -1799.00,  -539.00,  1283.00,   -92.00,   734.00, -1862.00, -1972.00,  -854.00,  -345.00,   891.00,  1491.00,   379.00]
State # 9. Score =  86370.500 -  203.060 - 25740.516 [ -1622.00,  1807.00,  1925.00, -1192.00, -1292.00, -1799.00,  -571.00,  1283.00,   -92.00,   734.00, -1606.00, -1970.00,  -834.00,  -281.00,   893.00,  -813.00,   379.00]
State # 2. Score = 114043.750 -  207.980 - 32304.389 [ -1632.00,  1816.00,  1917.00, -1192.00, -1300.00, -1801.00,  -575.00,  1287.00,   -99.00,   731.00, -1606.00, -1966.00,  -834.00,  -288.00,   891.00,  -806.00,   369.00]




=========================
NEW ALGORITHM. Note: the scores of these weights are the MIN score out of 8 games. (Thus they should be higher)

Hi-Score: 72875.0 | [-9999999.0, -1636.0, 1817.0, 1707.0, -1364.0, -1288.0, -1793.0, -703.0, 1340.0, -85.0, 305.0, -1619.0, -1976.0, -859.0, -1506.0, 897.0, -1995.0, 647.0]
State # 4. Score =  42803.000 -  208.600 - 14758.501 [ -1892.00,  1817.00,   995.00, -1365.00, -1198.00, -1793.00,  -703.00,  1283.00,   -85.00,   142.00, -1625.00, -1976.00,  -848.00,   737.00,   799.00, -1889.00,   656.00]
State #15. Score =  42185.000 -  208.340 - 14584.146 [ -1900.00,  1894.00,  1707.00, -1357.00, -1198.00, -1793.00,  -703.00,  1283.00,   -85.00,   218.00, -1617.00, -1976.00,  -848.00,   542.00,   927.00, -1889.00,   643.00]
State #17. Score =  66759.000 -  208.660 - 21061.813 [ -1900.00,  1894.00,  1707.00, -1357.00, -1107.00, -1793.00,  -703.00,  1308.00,   -85.00,   218.00, -1617.00, -1976.00,  -817.00,   747.00,   799.00, -1889.00,   643.00]
State # 7. Score =  41102.000 -  204.880 - 14236.076 [ -1892.00,  1817.00,   980.00, -1365.00, -1198.00, -1793.00,  -703.00,  1283.00,   -85.00,   218.00, -1617.00, -1976.00,  -848.00,   542.00,   927.00, -1889.00,   656.00]
State # 5. Score =  46949.000 -  209.420 - 15903.940 [ -1900.00,  1817.00,   980.00, -1365.00, -1198.00, -1793.00,  -703.00,  1283.00,   -85.00,   305.00, -1619.00, -1976.00,  -848.00,   542.00,   927.00, -1952.00,   643.00]
State #15. Score =  43786.000 -  208.680 - 15030.188 [ -1900.00,  1894.00,   980.00, -1028.00, -1198.00, -1793.00,  -703.00,  1324.00,   -85.00,   305.00, -1619.00, -1976.00,  -848.00,   542.00,   927.00, -1952.00,   643.00]
State # 8. Score =  41591.000 -  208.940 - 14427.924 [ -1909.00,  1817.00,   980.00, -1365.00, -1198.00, -1793.00,  -703.00,  1283.00,   -85.00,   358.00, -1619.00, -1976.00,  -848.00,   521.00,   927.00, -1952.00,   643.00]
State #15. Score =  52806.000 -  208.720 - 17460.611 [ -1900.00,  1969.00,   980.00, -1365.00, -1262.00, -1793.00,  -703.00,  1324.00,   -85.00, -1103.00, -1620.00, -1976.00,  -848.00,   542.00,   927.00, -1952.00,   663.00]
State # 8. Score =  90894.000 -  208.560 - 26957.178 [ -1912.00,  1894.00,  1707.00, -1357.00, -1070.00, -1793.00,  -703.00,  1323.00,   -86.00,   305.00, -1619.00, -1976.00,  -806.00,   542.00,   927.00, -1995.00,   643.00]
